2.120299633934740768e+02 3.295892547298846864e+01 2.056141668129984978e+01 2.096743223486843704e+02 3.604716798970899561e+01 1.295242631767683505e+01 2.058460103865382678e+02 2.505922237539417452e+01 2.384745957707050579e+01 2.062569507658709540e+02 1.929239941951643544e+01 1.796040897583135632e+01 2.100177818504023719e+02 4.382052104925699609e+01 7.902125143052063372e+00 2.267812294168185474e+02 3.281239172279419591e+01 1.747882560398077345e+01
2.246934447985237853e+02 3.565972641885366556e+01 1.633523084231926958e+01 2.264549330646425460e+02 3.795492648299480720e+01 1.735933522964565512e+01 2.201698783113167224e+02 3.996071354634735684e+01 1.873124978310478639e+01 2.233198549165506961e+02 3.915428219951486710e+01 1.868787074122517566e+01 2.286080293709021589e+02 2.784934488671788699e+01 1.652789362142601703e+01 2.446003563663081763e+02 3.583108859256847012e+01 1.848258316510242949e+01
1.696433284259327081e+02 2.309318867630551964e+01 1.189286815838928035e+01 1.810104581689142265e+02 2.377797774817085497e+01 9.713855086473067502e+00 1.744230518520402882e+02 2.172182987748456640e+01 1.135975274332174934e+01 1.721380898022518977e+02 2.896489883653268294e+01 9.058128849474233135e+00 1.784152805644676505e+02 2.074698481037613362e+01 7.668009577380585640e+00 1.802560963588783238e+02 2.859681199144013064e+01 1.093233192682778743e+01
1.914051033916872200e+02 3.355494233593974229e+01 1.603463891911685124e+01 2.006368514643656340e+02 3.379548367176892043e+01 1.053469541400480125e+01 1.906320599727978333e+02 2.002390307773274003e+01 1.758501574304069948e+01 2.009966664994982182e+02 3.882286405517285743e+01 1.865110751128236188e+01 1.825192127935845861e+02 2.609598572099258718e+01 1.320083116971004777e+01 2.083595515937298615e+02 3.567896885651325078e+01 1.297738935612142797e+01
2.213734802920424443e+02 4.181854520931085517e+01 1.489162702774833313e+01 2.317487539845864433e+02 3.444412064433164744e+01 1.734392419008250386e+01 2.221779074839913619e+02 3.860430715319660067e+01 2.020929588235962271e+01 2.302393534423176789e+02 4.434211164082682188e+01 9.600467229600152308e+00 2.282859411642562009e+02 3.111445150488263423e+01 2.129532943935439349e+01 2.201987042277457078e+02 2.495369891097445247e+01 2.447707445334794585e+01
2.015350925056929441e+02 2.337976971628237166e+01 1.140088930865279515e+01 1.976597279956295097e+02 2.718925951132338170e+01 1.397119370142483419e+01 1.959725151640816136e+02 2.589815478044737063e+01 1.604849595988255828e+01 2.018851676729756832e+02 3.071097733341006020e+01 1.320834333689824192e+01 1.876256067451475360e+02 3.116707375388649837e+01 1.332805541941888272e+01 1.975302934401086077e+02 2.903163507524333298e+01 1.232677297893265411e+01
1.994341543682830320e+02 3.470636430640543324e+01 1.788272398484771486e+01 1.971264119572856259e+02 3.388683772989835319e+01 1.356534855419002739e+01 1.949324145969387132e+02 3.359016814932893880e+01 1.512829742376715636e+01 1.920701393531135750e+02 3.831350165406832531e+01 1.447805145609433097e+01 1.977942099038412209e+02 2.723731166760941136e+01 1.249543202893335092e+01 1.993537992149603326e+02 2.840465538814898139e+01 1.565382835398776429e+01
2.072095287620417139e+02 3.500198284415461103e+01 1.087817621543718616e+01 2.103445828234774808e+02 3.091770965297913065e+01 1.500997594354835840e+01 2.002233592929038650e+02 2.671415719865011340e+01 1.790346249338408313e+01 2.033403594425815868e+02 3.743841224332968665e+01 1.525362659881275285e+01 1.977116281079346152e+02 2.504710219285590966e+01 1.840557726997078447e+01 2.006919894639222548e+02 3.231495897750049551e+01 1.391956596544450164e+01
2.331282666391676344e+02 1.900729447649647241e+01 1.841624649251827250e+01 2.262512958007912971e+02 3.166367253010871252e+01 1.824894572019386629e+01 2.381380631645219239e+02 3.008625555633952331e+01 2.051992141069964859e+01 2.242626825654413381e+02 2.750591590727764668e+01 1.543488702788073930e+01 2.290275659569387017e+02 2.921820471210154579e+01 2.035804807624463919e+01 2.133543465636177245e+02 4.390091669425615351e+01 1.717451655097177365e+01
2.417506182187370882e+02 4.501635238118188909e+01 1.738934059518468800e+01 2.470799319318043104e+02 3.477028538733804197e+01 2.369800918407565149e+01 2.464615965863286817e+02 3.304144961313228634e+01 1.905567428015706355e+01 2.411177456957905179e+02 3.825213373892317748e+01 1.956439775272338366e+01 2.486529011775113815e+02 2.832891646720156942e+01 1.847286561973076147e+01 2.361798474296015513e+02 4.376934241427535000e+01 1.663651692337353438e+01
2.163240144121368189e+02 3.310826062394840363e+01 1.848400474873319510e+01 2.191947895708448186e+02 2.837868341005895800e+01 2.037166280089850545e+01 2.078685972325085913e+02 3.576880794839352262e+01 1.762161918136817462e+01 2.124383378457686433e+02 2.808182657850844066e+01 1.711758483236069850e+01 2.167920550228346599e+02 3.707946807355411067e+01 1.599030975357100814e+01 2.135311443446516648e+02 3.244127835116954373e+01 2.018595951375510111e+01
2.348585171189548646e+02 4.409816855329087559e+01 1.491965823398597735e+01 2.398041477864910007e+02 3.964021770026919711e+01 1.720938463167633969e+01 2.375153270798847416e+02 4.193029244068420525e+01 1.250647917467855308e+01 2.341601596245701558e+02 3.161231126791177459e+01 1.374100579084944762e+01 2.274332436002474935e+02 3.397762803685186839e+01 1.868531275603191233e+01 2.392187926719837492e+02 3.552914653245717602e+01 1.980906638576309575e+01
1.954244262898691034e+02 2.794162666060990929e+01 1.547356214493595949e+01 1.918426439406871111e+02 3.439382888646556324e+01 1.352237635271729133e+01 1.838992961849528172e+02 2.047701138885322791e+01 1.850501727443425537e+01 1.869301870209677361e+02 3.947084789328081200e+01 1.172749985539980244e+01 1.916943052912389476e+02 2.934622367747241611e+01 1.762951593494259583e+01 1.915595802220776989e+02 3.277134404832609249e+01 9.906172101048028367e+00
2.127804657083836162e+02 3.401514352768437988e+01 1.343915839786318145e+01 2.127804657083836162e+02 3.401514352768437988e+01 1.206171436604537206e+01 2.127804657083836162e+02 3.401514352768437988e+01 1.661359793504448845e+01 2.127804657083836162e+02 3.401514352768437988e+01 1.431973227430169970e+01 2.112286250942077572e+02 2.771929413510463291e+01 9.876329158905505778e+00 1.989827516859768366e+02 3.370266671352646171e+01 1.377584611239324275e+01
2.244505573359481900e+02 3.065651431237645852e+01 1.579177483080336231e+01 2.219397920979047569e+02 3.395594045560101648e+01 1.845573319431363757e+01 2.183789697545372235e+02 2.378758821954878400e+01 1.564385501989509208e+01 2.176258870349220160e+02 3.167085973050025416e+01 1.224683918192868148e+01 2.146289755952336975e+02 3.189921427613078464e+01 1.772527900172817894e+01 2.282384659594195284e+02 3.379927628763994818e+01 1.545394894496996407e+01
2.306674926923907947e+02 3.180079807820250792e+01 1.484621470850400193e+01 2.395684683279703506e+02 3.334544710549997859e+01 1.102143422293251263e+01 2.390669152374561861e+02 3.802238854018076353e+01 1.526678675516397377e+01 2.235977474106812224e+02 3.535044332113847787e+01 1.965020767488543285e+01 2.237294489139812583e+02 2.896109619145863689e+01 1.452415052172682053e+01 2.327217070689583522e+02 2.658775068712273537e+01 1.195865388329859869e+01
1.754612424423098673e+02 2.234143180003189855e+01 2.029831782356454895e+01 1.773467504414055895e+02 2.171068768335864263e+01 1.202589323395810794e+01 1.755046625368478317e+02 2.550456647469179217e+01 1.338446828635999708e+01 1.785982482105221152e+02 2.140399323978587987e+01 1.204075084742832757e+01 1.857786382100674700e+02 2.792469239296595518e+01 1.756413269641989672e+01 1.791270383588997390e+02 2.668593886988637109e+01 1.485639668290970050e+01
2.536013251100484354e+02 4.194380161362292370e+01 1.690220631417016506e+01 2.667014129409083125e+02 3.710256164679521618e+01 1.887873476045487564e+01 2.574886016629210417e+02 3.519144231932864386e+01 2.097301446944741343e+01 2.560268823311483288e+02 4.274430231634403299e+01 2.044142617122042083e+01 2.481454918565275705e+02 3.453000095774987699e+01 1.884101871918402082e+01 2.494051185419631906e+02 4.004196280812259801e+01 1.826748246166958012e+01
2.016995726599093928e+02 3.255749853325091436e+01 1.002243858919831254e+01 2.066982198194225475e+02 3.124229007487593179e+01 2.130102191489087105e+01 2.109946274513553988e+02 3.595535007630470403e+01 1.571432509010031175e+01 2.007866162731241388e+02 2.969482056160037686e+01 1.574470071849611941e+01 2.119677725832953001e+02 3.808411911521418602e+01 2.231556790331099549e+01 2.020364608792844479e+02 3.905175163311191966e+01 1.464296542634726528e+01
1.675469138863512342e+02 3.657884304051572855e+01 1.563747595137106039e+01 1.821249905529162731e+02 3.045759684752473717e+01 1.326655626285300116e+01 1.863332188634064437e+02 2.311605261727311955e+01 1.453690727007788119e+01 1.721182416888866271e+02 3.050261137283032298e+01 1.632131222313415364e+01 1.773179828719399609e+02 3.193140820550490844e+01 1.754823979284036994e+01 1.880545106675806437e+02 2.538302123704423252e+01 1.664801558205306620e+01
1.898039233410998747e+02 3.490502007169917675e+01 1.726610575890909871e+01 1.952487813476701604e+02 3.672409078479628164e+01 1.627890509238856254e+01 2.011756011905165451e+02 3.843031704169745666e+01 9.268688073968100127e+00 1.886946126188425978e+02 2.869759568991428011e+01 1.505230543935891419e+01 1.965651744531601537e+02 2.113468189238194483e+01 1.762716282068954499e+01 2.005383840643740427e+02 3.447669325065103862e+01 1.308340320198027129e+01
1.856058603343179811e+02 1.975889720277845640e+01 1.376944856307635945e+01 1.938159859110860737e+02 2.851619420530837701e+01 1.540087378851560018e+01 1.927713220616913361e+02 3.003555432954419047e+01 1.655045100615943809e+01 1.861960698673225920e+02 2.290055132198507337e+01 9.362831677579453782e+00 1.960959200640591007e+02 2.584342557791750039e+01 1.707086728810116583e+01 1.877184950199673779e+02 2.719816813468756322e+01 1.627830202534523707e+01
1.919973709720500779e+02 2.452303850805666130e+01 9.304838191732978103e+00 1.811313973763741956e+02 1.654554430782435759e+01 9.433288415770558544e+00 1.827133159065194832e+02 2.318721620153480956e+01 1.484770545283204868e+01 1.903962449317683081e+02 2.795780650234240738e+01 1.328341881675734193e+01 1.910683577278716143e+02 2.156613235775188997e+01 1.733567825019581932e+01 1.853286885172102529e+02 2.394658811595333958e+01 9.950765749408008176e+00
2.065968057785999292e+02 3.200719614579310246e+01 1.807770753291457666e+01 2.074158925050311950e+02 3.504956667276508853e+01 1.342921418358979935e+01 2.058012996429031034e+02 3.320221711761157479e+01 1.638241213180737788e+01 2.173458283360098733e+02 3.356385393585807719e+01 1.702132417213830706e+01 2.062297481348972212e+02 3.200313052670096425e+01 1.732109581986595970e+01 2.087676430928519551e+02 3.258715670928791042e+01 1.352590815766470200e+01
1.905841731751754935e+02 1.838476435588059132e+01 1.267757717838622256e+01 1.915301897129460826e+02 2.925739294405442692e+01 1.473486055015480467e+01 1.840030833131601469e+02 3.282021226445144180e+01 1.607743957598073337e+01 1.878741065399365766e+02 3.192420400830711102e+01 2.085950539579803831e+01 1.887214443156191521e+02 3.310631059920752506e+01 1.998719533171098206e+01 1.849321543695133983e+02 3.087549530495497052e+01 2.109667843082294780e+01
1.966082062218470128e+02 1.931618090057634163e+01 1.839289198212934551e+01 1.969815342216310512e+02 2.953818988989738159e+01 1.934403478913871055e+01 1.942340610110593389e+02 3.813510240291937237e+01 2.119226913482386010e+01 1.913857861729370597e+02 3.229934463604047323e+01 1.302880975548703546e+01 1.870351192134160101e+02 3.360841604629389678e+01 2.141516159550018727e+01 1.853117979010193039e+02 3.290893987118496966e+01 1.528337957242440481e+01
1.818062816516538760e+02 3.084653941917765252e+01 1.655846812131327539e+01 1.821286274124798581e+02 2.546463332487924802e+01 1.536685238364055017e+01 1.848110241159353961e+02 2.838265332558831489e+01 1.417216863428483187e+01 1.836646785950960634e+02 2.811839525262689321e+01 1.339746159531152259e+01 1.868920905295251771e+02 2.782257074834941690e+01 8.506164658141690538e+00 1.952770346371701180e+02 2.957795067728061866e+01 1.542446282524332446e+01
1.845223144279460996e+02 1.927394057240534408e+01 1.306799980343822298e+01 1.821188489690147776e+02 2.444656349661025274e+01 1.518334051779102190e+01 1.753541999842004202e+02 3.508223560418179687e+01 1.485409952619900409e+01 1.827319226915031436e+02 3.149261929154405593e+01 1.266231120582568259e+01 1.801782989567918492e+02 3.749515593383332401e+01 2.042214753703728292e+01 1.877107207659440462e+02 3.355235043731887856e+01 1.746799806175150138e+01
2.229808845359409020e+02 3.511268007416916959e+01 1.716020327844602988e+01 2.244600416277067154e+02 2.776496722082231372e+01 1.737322831317982263e+01 2.282573812580231163e+02 2.641781169273680518e+01 1.719612566496035910e+01 2.276252397026894414e+02 3.427662614832775745e+01 1.447764623845069210e+01 2.170194852533320784e+02 4.341227013634658505e+01 2.685713455575100639e+01 2.051980485691796616e+02 3.197891408738648877e+01 1.713075220420821054e+01
1.638266530955016265e+02 2.851315621578152104e+01 1.687520957657371312e+01 1.571124873512191584e+02 2.651285353527859101e+01 1.098736160527495898e+01 1.637699746876010920e+02 2.027532055942478095e+01 1.216449201605986907e+01 1.635092540112585198e+02 2.705138743401121104e+01 1.119063233518007294e+01 1.571715397238485536e+02 2.678188308817201957e+01 1.391891129977535968e+01 1.717209760555982712e+02 2.197027202668335732e+01 1.382781040330693934e+01
1.958719026603969553e+02 2.441386894793977547e+01 9.569201191885934321e+00 2.060971680211951025e+02 3.050914551560011034e+01 1.156434691149281768e+01 1.989030245017539755e+02 2.813125066285313380e+01 1.486513598537635517e+01 1.971555240913761224e+02 2.939264751479893079e+01 1.130386673899224093e+01 2.150017259513504655e+02 3.073355296711639539e+01 1.295240359835525545e+01 1.943404332644528836e+02 2.821265071675955838e+01 1.478197958175908511e+01
2.179112892155901591e+02 3.762217447453419794e+01 1.734149183822684037e+01 2.051549294196414905e+02 3.501641599130456228e+01 1.654275301216632243e+01 2.125912894396992385e+02 4.001825088453059465e+01 2.322001350257305674e+01 2.049479086419268867e+02 4.691674907344896184e+01 2.107802078051594918e+01 2.003301407124988316e+02 3.751656306289901011e+01 1.940602685387247206e+01 2.253937316685762653e+02 4.246286092069620111e+01 1.686757113362784466e+01
1.877917840644650482e+02 3.769042433806299641e+01 1.696739162306177917e+01 1.859096652263500573e+02 4.155282301165670589e+01 1.632398060503959059e+01 1.977506937243601897e+02 3.355286832698474342e+01 1.360092923078564198e+01 1.876358460238465398e+02 3.622307403191798159e+01 1.474400838067007058e+01 2.083457506217529840e+02 2.689244806730126669e+01 1.755209263519294893e+01 2.262104523802542531e+02 3.067941004774104030e+01 1.459406795699842441e+01
2.248324207353998645e+02 4.779300143292686442e+01 1.573628470964749582e+01 2.133435432793938560e+02 3.267058288537256772e+01 1.748432106223263105e+01 2.298248155452029096e+02 2.758007104151156597e+01 1.548524249617500104e+01 2.315953277176141114e+02 3.849622577969067549e+01 1.872332863158099414e+01 2.134954230718397241e+02 4.425264912258430883e+01 1.891679989127974437e+01 2.195927172370123799e+02 3.513814415438274352e+01 1.489803370178246489e+01
2.212203921944915237e+02 3.298825095709758415e+01 1.453753839072671283e+01 2.245353569503613755e+02 2.597270875672141699e+01 1.355034292092616255e+01 2.270733241328024974e+02 3.550935133259018528e+01 1.942613875310068750e+01 2.252291449428440160e+02 3.611992974412678592e+01 1.852680060660534167e+01 2.265341110555547743e+02 2.998715873764319184e+01 1.997539695093109202e+01 2.105172412500627956e+02 4.071939555360983576e+01 1.489923769528951425e+01
2.098337299458908660e+02 3.296791214530485803e+01 1.427882012137753343e+01 1.967446834929384067e+02 2.719991961075218967e+01 1.729860125268978166e+01 2.149282705174993851e+02 3.111940747491996717e+01 1.024982110832195481e+01 2.108896068735366782e+02 2.564353000963903639e+01 1.104654511846532294e+01 2.055795642339531923e+02 2.950118983767260517e+01 1.610921160933385110e+01 2.181119663491632537e+02 2.681205429090411840e+01 1.474457852608619390e+01
2.172726158196696247e+02 2.248858497217889152e+01 1.982732922888119731e+01 2.162198257111794248e+02 2.819986395937949908e+01 1.521439466591323253e+01 2.169483835996995253e+02 3.628519490961637217e+01 1.927526319752712425e+01 2.178045806980390182e+02 3.632545944825758255e+01 1.773699601648668533e+01 2.102772278829752111e+02 2.982419892549068408e+01 1.983193444659285731e+01 2.197730623390896767e+02 2.901417846961147262e+01 2.198120199916235862e+01
2.155248887416111074e+02 3.159403772720093073e+01 1.580987125925605952e+01 2.126782844064825611e+02 2.234830301922903217e+01 1.640541720734476172e+01 2.126782844064825611e+02 2.234830301922903217e+01 1.168787570030072054e+01 2.124629835520304937e+02 3.201194188858986678e+01 1.663508796922856803e+01 2.067786321954059758e+02 2.752741586326290602e+01 1.865201596794023686e+01 2.238876793528586688e+02 3.283833544442964580e+01 1.188162169360507114e+01
2.096649269597903356e+02 3.566230813325213234e+01 1.503358526811020468e+01 1.945639219259941797e+02 3.144374795104623033e+01 1.542787906363851747e+01 2.073280492426300157e+02 3.118665817156316322e+01 9.301946609936084798e+00 2.011537407106107196e+02 2.578221306818726433e+01 1.619320523790870325e+01 1.964873343502747502e+02 2.250439826101737850e+01 1.907608719963855748e+01 1.901629768989847662e+02 3.084310493902504646e+01 1.715363335022555091e+01
1.929142584965327956e+02 2.692730618403826881e+01 1.867447948484024423e+01 1.999180100633034272e+02 3.081395168547618368e+01 1.446328531567675491e+01 1.885090669582415615e+02 2.831418891051995601e+01 1.630657042048682115e+01 1.997534720133367045e+02 2.966590651286626823e+01 1.516218440541481272e+01 1.953384193555789352e+02 3.219810554870927888e+01 1.592366129101279171e+01 2.027854251413892541e+02 2.428446414738838399e+01 1.866902175834304245e+01
2.339635503023887679e+02 3.745688671270435322e+01 1.401937495453506877e+01 2.317950303392122180e+02 3.408922161546585983e+01 1.874365058859828181e+01 2.376694744129694925e+02 4.294378152757118983e+01 1.568928583074757910e+01 2.403059381576735802e+02 4.128145858992271400e+01 1.849387571834575539e+01 2.316790791127254181e+02 2.761997095261865454e+01 2.441209153687737654e+01 2.397998665526176580e+02 3.331380954650464332e+01 1.785209916244208017e+01
2.389991176430210658e+02 3.964010568315272565e+01 1.701501254893835835e+01 2.331130352955271974e+02 3.596615593132342070e+01 2.102867597780004871e+01 2.421150109264997923e+02 2.771125086270052051e+01 1.791939725158906427e+01 2.227787255869795899e+02 3.755545931860076081e+01 2.029938983829280374e+01 2.364675518525128268e+02 3.784181972710582897e+01 1.932199539976262770e+01 2.210587534929230458e+02 3.547986116917915922e+01 1.976423471444457292e+01
2.136723623400298777e+02 3.247789253982742252e+01 1.524741262289550647e+01 2.121472679860960113e+02 3.620863269837866483e+01 1.914083648718276720e+01 2.122116745175067933e+02 3.433731237102346512e+01 1.813387142756259607e+01 2.116139688285465468e+02 3.099758851484424227e+01 1.910814281641588508e+01 2.097015198633666273e+02 4.026068625322687211e+01 3.181891891185002663e+01 2.195644810729801293e+02 3.867537015774043141e+01 1.879232195680773287e+01
1.526892925033071720e+02 2.137825034066302976e+01 1.027453724533646806e+01 1.531815205886844353e+02 3.002158361353806271e+01 5.739287032806039690e+00 1.493087568388577608e+02 2.092580771802872164e+01 9.838535380100354999e+00 1.540825443037456353e+02 2.242419845456879912e+01 1.007654606015679910e+01 1.601844056198136172e+02 1.819278045972101410e+01 1.022006626619869074e+01 1.587899836587062339e+02 1.348557513689416787e+01 9.973747445392987743e+00
1.850153862352510998e+02 2.524763292849061713e+01 1.632469824300515171e+01 1.890917469633189683e+02 2.712088092777520387e+01 1.163281598754966062e+01 1.827003473892440013e+02 2.375970789591159615e+01 1.334841547378571391e+01 1.874031914809224304e+02 2.481824626486248775e+01 1.037631551049342704e+01 1.788863495570913358e+02 2.857332422731675337e+01 1.476811749934554641e+01 1.879802023468426171e+02 2.458285525544323491e+01 9.665094268185647763e+00
2.155333213293027086e+02 2.749954350869361264e+01 1.553414554971697115e+01 2.120552379841343793e+02 2.440313761691248473e+01 1.938078222321411204e+01 2.054929218486883826e+02 2.980818488912333564e+01 1.619529712511920039e+01 2.125700587352147579e+02 2.947298078678812772e+01 1.533683986284972711e+01 2.129104617663170416e+02 2.869155643246972431e+01 2.083280498691391003e+01 2.186764541784170888e+02 3.478305250664448778e+01 1.735275619306539951e+01
1.955586484101298765e+02 2.936466680702512022e+01 1.965490450345710371e+01 1.888429308088684309e+02 2.463129509248442872e+01 1.519833706276942920e+01 1.966714550017607053e+02 2.087148940821519361e+01 1.669520415013883152e+01 1.904265592986548370e+02 3.486063212233791830e+01 1.643609994764505444e+01 1.934849453129900496e+02 3.356337215548985853e+01 1.488265473743961564e+01 1.864939139702005093e+02 3.433304578480562697e+01 1.431327138929412435e+01
2.122108121948097335e+02 2.343709041252888170e+01 1.489328627078037037e+01 2.111580771411327646e+02 2.760139480726908801e+01 1.213087596091124709e+01 2.123134567201302332e+02 2.473100580966489659e+01 1.730531831233197337e+01 2.153310686003767387e+02 2.761991197107969143e+01 1.584535805946218900e+01 2.120702189140255030e+02 3.480457152959392886e+01 2.462820887970396200e+01 2.094747678877326393e+02 2.739564854270681948e+01 1.387369922639405395e+01
2.396273780438401388e+02 4.128727421716651236e+01 1.943459848350610386e+01 2.386750077563702632e+02 4.167861685638758473e+01 1.916340547800650285e+01 2.506124403615818892e+02 3.748655397807927159e+01 2.263766651494263371e+01 2.439845807970057479e+02 4.242296491617521070e+01 1.917802895316338407e+01 2.442375932658238469e+02 5.065624491554283537e+01 2.291926721897732477e+01 2.550677916642239325e+02 4.157058758045381808e+01 2.210338269963843061e+01
2.056496581286421019e+02 2.356073055614662337e+01 1.550041147621257309e+01 2.100724505779894855e+02 3.688647102105066722e+01 1.722886794049105674e+01 2.039799107314534581e+02 3.104107327353040802e+01 1.608481024665500314e+01 2.056820891198510992e+02 2.718293899128081392e+01 1.340130595627842069e+01 2.021664671242042743e+02 3.484383131782627174e+01 2.039159460491875109e+01 1.945908824049694772e+02 2.577667737444848584e+01 1.684187520349485112e+01
2.173489731098244704e+02 2.741419951275969424e+01 1.951080557014370953e+01 2.130519620007169976e+02 3.670718381287443322e+01 2.312882699521021834e+01 2.209459444896657203e+02 3.631757836831257436e+01 2.174778597348556630e+01 2.131245235900600790e+02 2.763949965551206844e+01 2.413046430077569937e+01 2.142180482944075095e+02 4.113947558805419646e+01 1.283628884110521540e+01 2.358641761996550201e+02 3.821071741858912674e+01 1.508210595285219924e+01
2.085474770546298373e+02 2.645740994334218144e+01 1.760057546361146663e+01 2.173594922748845022e+02 2.245621302084421700e+01 1.433876565407372539e+01 2.094248499926825673e+02 2.973895068052099333e+01 1.577187127595074401e+01 2.019579352302899906e+02 3.022562511760156312e+01 1.784165865233844528e+01 2.115386072839790188e+02 3.553278731366687282e+01 1.947063619828144354e+01 2.103610237084735957e+02 3.198540172691350847e+01 1.825496278564111563e+01
2.244896372211603079e+02 2.569473421838104343e+01 1.563508688126562518e+01 2.146716758117585186e+02 3.282748929215391342e+01 1.426231636625450250e+01 2.245821874485783951e+02 2.725704871002479024e+01 1.476339287883974194e+01 2.246581438992875803e+02 3.064204029857688738e+01 1.814352436542689873e+01 2.189144059670943534e+02 3.070341644339127285e+01 1.557926513869689700e+01 2.275828838317599434e+02 2.978846753347741583e+01 1.744964066488972065e+01
2.079233820563108566e+02 3.241023761562822614e+01 1.594261147620608199e+01 2.000668956013076922e+02 3.511692084043218642e+01 1.205599066458939994e+01 2.089093087749725726e+02 4.078370036220357520e+01 1.593273381613520279e+01 2.115153761106407160e+02 3.306911160325323351e+01 1.633465239832991855e+01 2.050888342249340894e+02 3.629549599137305194e+01 1.676456903769110340e+01 2.079826480167361638e+02 2.360958310143539407e+01 1.566869374417132477e+01
2.068635187902968369e+02 3.388633547468604945e+01 1.574477184780285199e+01 2.035914966913024671e+02 2.999885755463964543e+01 1.850497842535876458e+01 1.965074566529866047e+02 2.868815049813546736e+01 1.817378644473932781e+01 2.083451825422631600e+02 4.325491471205982208e+01 1.434044285869122604e+01 2.061754737486561737e+02 4.473874618086375676e+01 1.841188377522533415e+01 2.056275686712188815e+02 3.786462315414518542e+01 1.957905282491585552e+01
2.000034902667482299e+02 3.882609470379576777e+01 1.818012593127358301e+01 1.997280041246380620e+02 3.131546929085740061e+01 1.045200179044560862e+01 2.035505197741981078e+02 3.256749532947200976e+01 1.792729590665189576e+01 2.080052023344373708e+02 4.400675274766656742e+01 1.611205103382313908e+01 2.156573978653038921e+02 3.663420718590813152e+01 1.506797141410300966e+01 2.050977489004128813e+02 3.157858641747386486e+01 1.356084973911786307e+01
1.796724789642138091e+02 3.549139017219656012e+01 1.470600587988240093e+01 1.887756520731654177e+02 3.333458848064418589e+01 1.597452533707945932e+01 1.900211444046981057e+02 2.300011585975176942e+01 1.421787426320440062e+01 1.911735868730901302e+02 3.537133050442440663e+01 1.462787295978218438e+01 1.807163753276658440e+02 3.899310634476964310e+01 1.399860968297874564e+01 1.993578473258120880e+02 2.187555214412952864e+01 1.534171385537805854e+01
2.242554620109080190e+02 2.714147668885997788e+01 1.821934664931517034e+01 2.168282303717973889e+02 1.958662844978518081e+01 1.718472604992573594e+01 2.217656444399953557e+02 3.786637847378990784e+01 1.561280823937440942e+01 2.259347711651858788e+02 3.906770421550180572e+01 1.662618210493842597e+01 2.141353430564379892e+02 3.012916243604699673e+01 1.589671091026592009e+01 2.139216499450785420e+02 4.142350392690033090e+01 1.860703144312310187e+01
1.969801951411575089e+02 2.770739615392430011e+01 7.319369725027091711e+00 1.920795977516801827e+02 1.975322567198434243e+01 1.411673300046167867e+01 1.982912012733846723e+02 3.586501674049673483e+01 1.904465323456943082e+01 2.040823832806609630e+02 2.772322939209472992e+01 1.168857281573123430e+01 2.003107097844507507e+02 2.971037084106020743e+01 1.901585915984354003e+01 1.992534558144064363e+02 3.374791663309692780e+01 1.501299236291462336e+01
2.012246248008237330e+02 3.177397737012557144e+01 1.692724961315224164e+01 1.997439039121956341e+02 3.354179969052179899e+01 1.872406394348860204e+01 1.927285277926380900e+02 3.085187038730794384e+01 1.312279611829201187e+01 1.978826628931034577e+02 3.439746665056000552e+01 1.057374267290225234e+01 2.011485782985601531e+02 3.104785407354997417e+01 1.873148451746136089e+01 1.891307574162596836e+02 2.645342583165075467e+01 1.063149659746549602e+01
1.971768245137088797e+02 3.498292975911994063e+01 1.603515995447935083e+01 1.983779978293397619e+02 3.445850719689784825e+01 1.556230374491580548e+01 1.933416181956123410e+02 3.261074582200584615e+01 1.554695896819877632e+01 1.947931813871151405e+02 3.204147436302713459e+01 1.771011148342500618e+01 1.943039925396725209e+02 2.065881119470611793e+01 1.468514889043435190e+01 2.080759625719162784e+02 2.705784651535267926e+01 1.733867568649765190e+01
1.667706817952332869e+02 2.279666563200035512e+01 1.210821362992104966e+01 1.731531767372109698e+02 2.366802918506938269e+01 1.400262530993241583e+01 1.661977509096960830e+02 2.999936424118445544e+01 1.594916921281839350e+01 1.723115068605855527e+02 2.102491800581158898e+01 1.172945096616642147e+01 1.748343474309734233e+02 3.375475416702506948e+01 1.501063961076600783e+01 1.758824519347636510e+02 2.397424054869725651e+01 9.812301559104996684e+00
2.241221486898974717e+02 2.417084815333374692e+01 1.505613482794305824e+01 2.118030976337278730e+02 3.125357636684609020e+01 1.102895009174631369e+01 2.232244262594464033e+02 2.113661069127148551e+01 1.436573297040637520e+01 2.221872146515814563e+02 3.118313607151863565e+01 6.441721526032462286e+00 2.173511840057047948e+02 2.958796775399814649e+01 1.395483124766285776e+01 2.228839648320303581e+02 1.389421780835022879e+01 1.264577227783043512e+01
1.898001810162807317e+02 1.938977428545623027e+01 1.420169356962717089e+01 1.843575027332447860e+02 2.489100179816241365e+01 1.256686265184430162e+01 2.009814417258317292e+02 2.925124567117818231e+01 1.181178601677652651e+01 1.957676549296620010e+02 3.109279895002978833e+01 1.463844429580813866e+01 1.991767106701707633e+02 2.447168320508714601e+01 1.450587166034120656e+01 2.051160152670116474e+02 3.899195532321133584e+01 1.548245007367603421e+01
1.945377070117866367e+02 3.857343949673530403e+01 1.974685405511376146e+01 2.023732522428304037e+02 3.492451101720386220e+01 1.769325965226127195e+01 2.103466071221352536e+02 3.523162760258060899e+01 2.089704566962731036e+01 1.917444668921689868e+02 3.945507527996188202e+01 1.845279839356619433e+01 1.860114557873926060e+02 4.100060471911552895e+01 1.843910392015113331e+01 1.982426386799681097e+02 3.881496676207149932e+01 1.855341673507897582e+01
1.930400444002886502e+02 2.244487988945234136e+01 1.592431563039025022e+01 1.998240331125185207e+02 2.818237127314267099e+01 1.634251004022562270e+01 1.961415113573478664e+02 2.756838841838533583e+01 1.926202319041316713e+01 1.898260395395573710e+02 2.240272874077287213e+01 1.567367405916371226e+01 1.924414333655871872e+02 3.338702683110739144e+01 1.253749915050468289e+01 1.985671845621620264e+02 2.669106201477635665e+01 1.567221778147420608e+01
2.149075881893197959e+02 2.974302081534323605e+01 1.512998246605175012e+01 2.213701214496682041e+02 2.881348738228983564e+01 1.450041419927814346e+01 2.194911496005830998e+02 4.372575909701630081e+01 1.590920400558511005e+01 2.224379652423870937e+02 3.443745005459233255e+01 1.266586266147184858e+01 2.237770144281854812e+02 3.099688838280794201e+01 1.827555521730095478e+01 2.179067275915263338e+02 3.735309098040821851e+01 1.245605535927030161e+01
2.185029500769655613e+02 2.171083093672634590e+01 1.436448846876401397e+01 2.141186649112774774e+02 3.786589405367320182e+01 1.442192932637480496e+01 2.205074223042785206e+02 2.848749220468631549e+01 1.425938529863741699e+01 2.145804583223513475e+02 3.104694543507078208e+01 1.557702806053891109e+01 2.121294109495096905e+02 2.786755834909664387e+01 1.782162509058105115e+01 2.068425207405531694e+02 3.242831063653148504e+01 1.582563623682728959e+01
1.998764306226595977e+02 4.083649964808020627e+01 1.561822987950902686e+01 2.032628819269307314e+02 4.426269548892283012e+01 1.241561512257938205e+01 2.081946008131009478e+02 3.433385988822390544e+01 1.682046597939932298e+01 1.987137945337532301e+02 3.506212432380091570e+01 1.404203382187798610e+01 1.938239880679674911e+02 3.791672146595193027e+01 1.868585773768316471e+01 2.116979010548922702e+02 3.476736438802807783e+01 1.637641111170526997e+01
2.236118408955726125e+02 3.984239273040886076e+01 1.721947430653390043e+01 2.236151126565455911e+02 3.978880128567119101e+01 1.688961536523649798e+01 2.225775718167892308e+02 4.262927872720645439e+01 1.864458795115129419e+01 2.219959181510101018e+02 3.017512427784054907e+01 1.660837479199779310e+01 2.222526859521707934e+02 3.548342558608690211e+01 1.851973755242180175e+01 2.207744389093519430e+02 2.155246366873026886e+01 9.891187773560105256e+00
2.114433962151932462e+02 2.764718197357605334e+01 1.595707982970866468e+01 2.121767932273631914e+02 3.305698859371673137e+01 1.916562484759307594e+01 2.088895021512423682e+02 3.358674021056837944e+01 1.408454138747698892e+01 2.086868083699209251e+02 3.375416479813293336e+01 1.771042861883933739e+01 2.120392255289486627e+02 2.874112173878909005e+01 1.741524985220244304e+01 2.056138088707077998e+02 2.734885098557471395e+01 1.964357297749312892e+01
1.713326112467743485e+02 3.690299183861416310e+01 1.285293989156650696e+01 1.846695198626528907e+02 3.912850479374083790e+01 1.311988093103972908e+01 1.876190275331906321e+02 2.593556155787915074e+01 1.669656948626905191e+01 1.780797016848519263e+02 3.023654611637445200e+01 1.526731011709552277e+01 1.712434802563557810e+02 2.574981759531116410e+01 1.110351196188106293e+01 1.993083435143521172e+02 2.521382650138015435e+01 1.406662780053338224e+01
2.108714679650270796e+02 2.527834333560252844e+01 1.628500663506513746e+01 2.228259573787257750e+02 2.903374314925601851e+01 1.537217539159432178e+01 2.112198480993597229e+02 3.407474565583618897e+01 1.145434981067319313e+01 2.257133087171893635e+02 3.520529487609840658e+01 1.544080047433658009e+01 2.160584262190167522e+02 3.068121570706578893e+01 1.730755958225756075e+01 2.054448317077685147e+02 3.022601572965324479e+01 1.517594686928451786e+01
1.947287803797930223e+02 2.821776074599864259e+01 1.457286495381542224e+01 1.860847400906330051e+02 2.151634136583573564e+01 1.826800896768463645e+01 1.914532102750945342e+02 3.348589803913674956e+01 1.756221897354734907e+01 1.895007133385502414e+02 2.553531843583854055e+01 1.770035754993999433e+01 1.858704240023953957e+02 2.878924934642084210e+01 1.690977210909172612e+01 1.928033953405279135e+02 4.131482008016567420e+01 1.600375666474598191e+01
1.874160594614051547e+02 2.119183019028070447e+01 1.278287628501277950e+01 1.839800035809673204e+02 2.064966677797816885e+01 1.129807588057412104e+01 1.839800035809673204e+02 2.064966677797816885e+01 9.708696360609604170e+00 1.874160594614051547e+02 2.119183019028070447e+01 1.126511611193683393e+01 1.839800035809673204e+02 2.064966677797816885e+01 1.276243131574528178e+01 1.922208131026231968e+02 2.688104559290101037e+01 1.207541839390517957e+01
2.150225291924640771e+02 3.292569518057950972e+01 1.773156771627608563e+01 2.108154654326352215e+02 4.739129111093274105e+01 1.622157211694146284e+01 2.208237270591100696e+02 3.254388902573697351e+01 1.801567356473267978e+01 2.155810538901604900e+02 2.996638611271791319e+01 1.592743330501038557e+01 2.097047125867332511e+02 3.224234657869027387e+01 1.613494266680319811e+01 1.924020713572039369e+02 2.532665945215868319e+01 1.531819024712919308e+01
2.001526959429395731e+02 3.069053622230910605e+01 1.407371202826055523e+01 2.122668437445225038e+02 2.940607008507827302e+01 1.509229172003720976e+01 2.106682891312848085e+02 3.324834495125865885e+01 1.465874310677255465e+01 2.026288645893726255e+02 2.957851874823034422e+01 1.840501840441166692e+01 2.088963420389121950e+02 3.621941024984156599e+01 1.352987177585718293e+01 1.954770315639030684e+02 3.323951353027627675e+01 1.323863712972077522e+01
2.247674204452819140e+02 3.237630671224705026e+01 1.892224259593928792e+01 2.198575502965439910e+02 4.513763998981558956e+01 1.617457903082253523e+01 2.239594912783125267e+02 3.109312941027994981e+01 1.551222533086500377e+01 2.211062414747734124e+02 3.084394882259238102e+01 1.590558726566861836e+01 2.147401764075291339e+02 3.002831530883056743e+01 1.338523861829510331e+01 2.033229214589538003e+02 2.972725878607376160e+01 1.421540032886554528e+01
1.882885939046250314e+02 3.194059990244508640e+01 1.729545419569728892e+01 1.927774577245351963e+02 2.400794088895401757e+01 1.755673807980098289e+01 1.966162231531645546e+02 3.460843883381073027e+01 1.971117592468065638e+01 1.883579796633486012e+02 2.344107864410727160e+01 1.253105464345958353e+01 1.949047969847638910e+02 2.227102197795580807e+01 1.788533350997596472e+01 1.826727635136626873e+02 3.074056751796367948e+01 1.843305947035314318e+01
2.188028567011589303e+02 3.572713840757663917e+01 1.873442968617342785e+01 2.099515055210463572e+02 3.575064435439110611e+01 1.696153641457647154e+01 2.171196788492096630e+02 3.366412726411054734e+01 2.316134076400029329e+01 2.160731890283617247e+02 4.553380674690367869e+01 1.684159906331019840e+01 2.123555746475374804e+02 2.827220519994626358e+01 1.373444235784286960e+01 2.110206776301950526e+02 3.353665026952641171e+01 1.324411210879388179e+01
2.041358433189163009e+02 3.170800080882565197e+01 1.877046683420913098e+01 2.033111300187238157e+02 2.184564560306092673e+01 1.865334467790093953e+01 2.085045522703578627e+02 2.790002074585280667e+01 1.145788197973209854e+01 2.071854836803668150e+02 2.925618239543696930e+01 2.322261875687699018e+01 2.091654652454444374e+02 3.799399420691755580e+01 1.899991859222318524e+01 2.166591167518822374e+02 2.226515825934416526e+01 1.610935165270916869e+01
2.126185873588016193e+02 2.624460199145966044e+01 1.840345569020345096e+01 2.140626790040530807e+02 3.778509504474574499e+01 1.578877551881781116e+01 2.057629205502381353e+02 3.530879442767542997e+01 1.598003475467324463e+01 2.072266084286715397e+02 3.097959459312793484e+01 1.910186544080671922e+01 2.077580582725649379e+02 3.121402583808567854e+01 1.515361637931553673e+01 1.956805078378903033e+02 2.509740835293960970e+01 1.764993530228245078e+01
1.963104136954331693e+02 2.068608066462545025e+01 1.474581617082391105e+01 1.888310710403223425e+02 3.550164809957414747e+01 1.896530014860322666e+01 1.881236473615446698e+02 2.833434729272841324e+01 1.420008577099145519e+01 1.995205301844076189e+02 3.492749359210907301e+01 1.066041170075897604e+01 2.049707904893933232e+02 3.079060159374469308e+01 1.852865349516790161e+01 2.152839418751932499e+02 3.742158436973281965e+01 1.534696111382607420e+01
1.919784933495636778e+02 2.405199903985986154e+01 1.740009686910028819e+01 1.961818549394384661e+02 3.434675351089411066e+01 1.351885863035886537e+01 1.887011905859847900e+02 3.693003131449415122e+01 1.543449700444827855e+01 1.986311284517251750e+02 2.778530729065189320e+01 1.813608215183772998e+01 1.942900368359107119e+02 3.395408551232821281e+01 1.780210974304035076e+01 1.997257615004571676e+02 3.983146242413396010e+01 1.624261495265568556e+01
2.152078661914463567e+02 3.254871128696463956e+01 9.241627917206551857e+00 2.125756498411137727e+02 1.887692176627380292e+01 1.131274503198604897e+01 2.134941665613364421e+02 3.624054046379081484e+01 1.591095243212603449e+01 2.127376263893149826e+02 2.871472806147647816e+01 1.701399657783477792e+01 2.115758942814872796e+02 3.686294467685149812e+01 1.333330363670481944e+01 2.085216702794471360e+02 2.719947615147284381e+01 1.524461576924382911e+01
2.025317463312467794e+02 2.860642804243536119e+01 1.776290962437439092e+01 1.997968093286098963e+02 2.672664899312713516e+01 1.586502856226383784e+01 2.065757477841249283e+02 3.010193732811931966e+01 1.497337176227517830e+01 2.088711655573533221e+02 4.070771204709588886e+01 1.825720660587850830e+01 2.066249239361677041e+02 2.265204511469718440e+01 1.981539484794310368e+01 2.001660432184081628e+02 2.581447264768175387e+01 1.804369719754896906e+01
2.253890420851160457e+02 3.341413147325064870e+01 1.079527481059940897e+01 2.142590290803007349e+02 3.587494927482977403e+01 1.353727780777795786e+01 2.256192305111499650e+02 2.110786967066184872e+01 1.326229146762696232e+01 2.190710663629014618e+02 3.491259294289064030e+01 1.710570965711382030e+01 2.250635063154834086e+02 3.649368451660110679e+01 9.914526091110387185e+00 2.186205309926795906e+02 2.171951137681691435e+01 7.950255782669413129e+00
2.099480553528729843e+02 3.588381708661441394e+01 1.919488165970175686e+01 2.024833616036034414e+02 3.107242243048513686e+01 1.727305606357809609e+01 2.109561510737964625e+02 3.105710278691164916e+01 1.428809458379529573e+01 2.115488791390676226e+02 3.758334991645266854e+01 2.033658994210121307e+01 1.993804230748577879e+02 3.621287355450475332e+01 1.771637812039028503e+01 2.073678799192638849e+02 4.008124149128043001e+01 1.624150707388489678e+01
2.371089708167526453e+02 3.334285216269039154e+01 1.986693418285794266e+01 2.420179423752322521e+02 2.793981627423129765e+01 1.422350458572694265e+01 2.330830252075908220e+02 4.240838744849633457e+01 1.471697553413613413e+01 2.221842375603116579e+02 4.154056690191774237e+01 1.758375024569705047e+01 2.274006549449082115e+02 3.248378399427387109e+01 2.061073798124173351e+01 2.268436921684758545e+02 3.638890228118128078e+01 1.783311885061988988e+01
1.790179293808442651e+02 3.305565634822175980e+01 1.724069452140100012e+01 1.894187722799464382e+02 3.055533762546642862e+01 1.706564217731772004e+01 1.852450977988516172e+02 3.043771667018078020e+01 1.531095082353055581e+01 1.844930959747767645e+02 2.563241949798713648e+01 1.638762080818283451e+01 1.997050588656411776e+02 2.364506053280637232e+01 1.552320792001529171e+01 1.811405616385291921e+02 3.701272194136482341e+01 1.246984392391843244e+01
2.111257123378957772e+02 3.461480221971257976e+01 1.729229217543974784e+01 2.042100228601846368e+02 3.925881504596384275e+01 1.901591140894649357e+01 2.085571267809698384e+02 3.878546847369077710e+01 1.838186981234903783e+01 2.031864175682553650e+02 3.206536131699211012e+01 1.539737164576653328e+01 2.075712104424416395e+02 3.225087101506023401e+01 1.657286675520790453e+01 2.009430243083743335e+02 2.966660952176387411e+01 1.752109414033498069e+01
1.932321284938518033e+02 2.896052723780502447e+01 1.794675995383554579e+01 1.924746793253569876e+02 2.798351543376795902e+01 1.272810467615708063e+01 1.935911187932080395e+02 3.818006172429137735e+01 1.682540937411472015e+01 1.905216139830135376e+02 3.517326342784827631e+01 1.250219353014914248e+01 2.012871904427367440e+02 3.938657817082644641e+01 1.405128997540252556e+01 2.005729231237306749e+02 2.782192787493194075e+01 1.408500895080084803e+01
1.606604224365486857e+02 2.582865943894709915e+01 1.366308064149490775e+01 1.702147671867098779e+02 2.309182172862185212e+01 1.322567139391070867e+01 1.711268144684285915e+02 3.495371336849773058e+01 1.122488506626955207e+01 1.684263357131922305e+02 2.067879327701465186e+01 1.171831145997150969e+01 1.796860140379199891e+02 2.187104226685037034e+01 1.199613562876056250e+01 1.831150636252719437e+02 2.456369253893364402e+01 1.053238324542236093e+01
2.311574279379157417e+02 3.512073834025053287e+01 1.039346561297780269e+01 2.322233971990069676e+02 3.164500540110295645e+01 1.686713286713285953e+01 2.310854132317546998e+02 3.790224951200560355e+01 1.637834252468399754e+01 2.299562984441033109e+02 3.910049841757159328e+01 1.570633160877063972e+01 2.341833342808952523e+02 2.778115109822427797e+01 2.001364489169368355e+01 2.288033050959880370e+02 3.566425985938182208e+01 9.893683552220133848e+00
1.836025795603328845e+02 1.681767100006144133e+01 1.520881839610994746e+01 1.776370451651913527e+02 2.426895794964942610e+01 1.496827945397538606e+01 1.816055161348993181e+02 2.354258334246745932e+01 1.601173907125710372e+01 1.788374513230846503e+02 2.695722453954920894e+01 1.267262011589713744e+01 1.746160952712477012e+02 2.221558408082686498e+01 1.512372036775839845e+01 1.772838853362787290e+02 3.036132634883084336e+01 1.549934414895346535e+01
1.855953907760612083e+02 2.859328013877426855e+01 1.337209465202500169e+01 1.805305336432894023e+02 1.995955779151250553e+01 1.347507716684903656e+01 1.811312836563163273e+02 2.962837207504165349e+01 1.189576914435426147e+01 1.857189922057139881e+02 2.370261921850951126e+01 1.543667555857368612e+01 1.764541517697808501e+02 1.875279097743181111e+01 1.305468662891389187e+01 1.724972811607552501e+02 2.115932089811063577e+01 1.619789451744175679e+01
1.742666354186953015e+02 2.728825923493083394e+01 1.416701600578307207e+01 1.781961558393545886e+02 2.092674441249961959e+01 6.371219298042940515e+00 1.749246252719068764e+02 1.746112433281730247e+01 1.079903483378610218e+01 1.820974210521103771e+02 2.619535043389569040e+01 1.078193647199401362e+01 1.672287120444425454e+02 1.654850752426943927e+01 1.043151908051744847e+01 1.846871296867830949e+02 2.566728172356769022e+01 9.657471621010515150e+00
2.148629435535654011e+02 2.914968223660579127e+01 1.599221122774858728e+01 2.123958688477140981e+02 3.032621187833399645e+01 1.776000438069547016e+01 2.164730447072137451e+02 3.089068274312371898e+01 1.578197695832406211e+01 2.197468323073683507e+02 3.219393964679338183e+01 1.280681980413336163e+01 2.195709525991800604e+02 2.856239524955297426e+01 1.435557818335426816e+01 2.214113662098444308e+02 3.378148543386161151e+01 1.238537343147307901e+01
2.235813827435206349e+02 3.561192177671272674e+01 1.901179625429701048e+01 2.099868058824368404e+02 2.324917625914672925e+01 1.805789721425821170e+01 2.156485087081176175e+02 2.367602379220334896e+01 1.585868743492091504e+01 2.108198895973297908e+02 2.500099847376153761e+01 1.486078422982013336e+01 2.229659663086425212e+02 3.715299470808906079e+01 1.702519006661247403e+01 2.015750923588229568e+02 3.211248520119245597e+01 1.505234855292623131e+01
2.343268069367566966e+02 4.565872142665980959e+01 1.610628015219290887e+01 2.309173346700481204e+02 2.975103687435305488e+01 1.572565628588704634e+01 2.276000447459604743e+02 3.535504362023140601e+01 2.046504646641433922e+01 2.358685601571206121e+02 3.411624604047809584e+01 1.899947465976785566e+01 2.387024237867260297e+02 3.400671755811664099e+01 1.680026734295372393e+01 2.414641416351250029e+02 3.300120785773050613e+01 1.096240631314526759e+01
